0 0.763462 0.785645 0.425000 0.339267
0 0.230635 0.690870 0.175456 0.247907
0 0.861854 0.580379 0.154748 0.032905
0 0.408420 0.738061 0.316936 0.306346
0 0.234648 0.527228 0.154968 0.020903
0 0.083647 0.630471 0.109139 0.182510
15 0.447737 0.511489 0.059418 0.098408
0 0.703911 0.562363 0.127531 0.026459
15 0.381552 0.523916 0.048091 0.046085
4 0.498543 0.695620 0.937264 0.330869
0 0.901882 0.555537 0.127946 0.084753
15 0.484562 0.513899 0.058182 0.067491
0 0.601534 0.550014 0.105539 0.021599
0 0.147264 0.657872 0.135100 0.208780