0 0.197780 0.158650 0.231526 0.139740
0 0.524343 0.693961 0.247658 0.149775
0 0.200359 0.886736 0.340057 0.154967
0 0.559604 0.880608 0.244882 0.153046
0 0.505940 0.150379 0.221628 0.136481
0 0.180001 0.505963 0.222597 0.135437
0 0.501236 0.508354 0.235709 0.144027
0 0.839912 0.327546 0.222120 0.109700
0 0.845756 0.693704 0.197031 0.153548
0 0.158596 0.329064 0.160344 0.132278
0 0.493161 0.333650 0.317424 0.136744
0 0.859829 0.885703 0.217819 0.141386
0 0.829904 0.500668 0.247440 0.153435
0 0.180738 0.696827 0.245108 0.139666
0 0.813447 0.153715 0.242437 0.137577