1 0.247282 0.824462 0.494563 0.219106
0 0.603157 0.907852 0.202472 0.183372
1 0.346799 0.273158 0.294399 0.109609
2 0.213469 0.193347 0.126809 0.159254
0 0.386551 0.330863 0.218456 0.162479
0 0.755935 0.888588 0.141386 0.222158
15 0.101480 0.829347 0.049292 0.045683
15 0.868280 0.245784 0.112373 0.074003
2 0.602842 0.243036 0.070393 0.041554
2 0.678027 0.659443 0.164575 0.106417
0 0.076502 0.290398 0.153003 0.127603
0 0.852273 0.868417 0.097993 0.211910
2 0.877498 0.193052 0.213676 0.180460
2 0.100597 0.804620 0.147327 0.090317
2 0.048742 0.696118 0.060425 0.041895