1 0.821074 0.658486 0.351124 0.273593
1 0.343947 0.593343 0.535107 0.229772
0 0.244327 0.851625 0.488655 0.294916
15 0.511429 0.668059 0.048821 0.050030
2 0.112998 0.353244 0.225996 0.237741
2 0.453772 0.385808 0.172124 0.096173
2 0.953127 0.635331 0.088956 0.087276
2 0.038908 0.575539 0.077816 0.149093
2 0.140079 0.434573 0.126918 0.082855
6 0.710305 0.429900 0.080885 0.060060
2 0.868495 0.324180 0.139720 0.198723
2 0.813572 0.452581 0.152257 0.173683
15 0.049369 0.408136 0.080242 0.124661
15 0.436055 0.413169 0.044909 0.038740
2 0.574090 0.474977 0.083157 0.099226
2 0.335584 0.402553 0.067510 0.121672