1 0.161638 0.688754 0.323276 0.266136
2 0.866746 0.487908 0.262235 0.498005
1 0.595921 0.615144 0.536622 0.238123
2 0.069350 0.451775 0.138700 0.258871
2 0.508589 0.678366 0.132988 0.125319
2 0.264400 0.175290 0.170268 0.079194
13 0.504845 0.743080 0.166669 0.040837
2 0.222347 0.503071 0.222773 0.215017
2 0.624060 0.678587 0.119730 0.113837
2 0.555067 0.411916 0.096552 0.077404
2 0.094899 0.522727 0.080102 0.086094
2 0.433413 0.382885 0.280027 0.341844
2 0.797917 0.231578 0.107950 0.064786
2 0.660081 0.241955 0.087440 0.043303
0 0.191649 0.903792 0.383299 0.191384
2 0.752700 0.430630 0.096513 0.054524
1 0.191970 0.903912 0.383941 0.191024
2 0.742445 0.232840 0.060779 0.059138
2 0.570879 0.237166 0.064554 0.054055