0 0.123590 0.062034 0.240882 0.123860
3 0.884537 0.790387 0.229646 0.103508
2 0.881722 0.081222 0.097871 0.098546
1 0.193832 0.760771 0.185039 0.054311
2 0.269266 0.050438 0.107366 0.100876
2 0.406417 0.063498 0.153055 0.082748
0 0.509900 0.805581 0.077955 0.062259
2 0.740401 0.238205 0.115635 0.061538
0 0.582723 0.802072 0.074397 0.059089
0 0.176284 0.973422 0.072091 0.051181
9 0.211425 0.237049 0.079327 0.057283
2 0.064450 0.931072 0.089759 0.049739
2 0.974141 0.251766 0.049441 0.053001
0 0.098728 0.970173 0.072973 0.049977
1 0.755415 0.113512 0.171439 0.072320
0 0.640930 0.795616 0.048060 0.046867
0 0.256798 0.798386 0.128797 0.085110
2 0.123678 0.737567 0.046383 0.036678
2 0.610119 0.643553 0.118979 0.052953