0 0.337494 0.226109 0.342796 0.138452
0 0.862367 0.184132 0.153045 0.066692
1 0.650677 0.635089 0.293047 0.052905
3 0.650456 0.939601 0.293767 0.119806
0 0.844266 0.884943 0.099515 0.063368
2 0.586758 0.832321 0.089785 0.069249
0 0.911617 0.614000 0.099987 0.057294
15 0.388346 0.934402 0.060619 0.033111
2 0.269283 0.495852 0.070246 0.044351
11 0.069499 0.617239 0.137147 0.054198
2 0.761815 0.519009 0.064390 0.038270
2 0.400751 0.907933 0.193149 0.085542
2 0.963368 0.826604 0.068928 0.028694
1 0.292870 0.552169 0.138626 0.068816
0 0.284713 0.987787 0.142830 0.023662
2 0.783780 0.129024 0.075709 0.042317
2 0.073085 0.514870 0.045402 0.032893
2 0.124433 0.478992 0.104015 0.035380