1 0.880898 0.278758 0.235803 0.139596
1 0.227808 0.843936 0.342540 0.125168
1 0.725530 0.859620 0.460535 0.117698
1 0.345415 0.256276 0.567315 0.183537
2 0.873452 0.149052 0.125363 0.086512
2 0.571041 0.166334 0.095676 0.078428
15 0.633420 0.874323 0.031018 0.027139
2 0.040016 0.830186 0.078048 0.057219
2 0.070616 0.160118 0.140875 0.218020
2 0.528630 0.810011 0.052622 0.052711
2 0.632951 0.848109 0.117087 0.080230
15 0.020716 0.239922 0.039967 0.058382
2 0.685556 0.739936 0.032575 0.026154
6 0.674946 0.149840 0.130495 0.055010